[{"source": "0.jpg", "target": "1.jpg", "transformation": [[0.99999908951993, 0.0010262085772112135, -0.0008762735113335785, -0.003571143238476234], [-0.0010272564018035414, 0.9999987569698396, -0.0011961618037784688, -0.00092384523451244], [0.0008750449105965472, 0.001197060872271137, 0.9999989006702319, 0.0011232461460561453], [0.0, 0.0, 0.0, 1.0]], "transformation_sparse": [[0.9999958709576412, 0.0006565599439926073, -0.0027976770200435763, -0.0006567631557079096], [-0.0006564037902361264, 0.9999997829576723, 5.6733344570514266e-05, -0.0022157255906543154], [0.0027977136616709197, -5.489670451641615e-05, 0.9999960848846454, 0.0012048584578672195], [0.0, 0.0, 0.0, 1.0]], "information": [[318511.70243943547, -3718.35126577262, -40235.8239436732, 0.0, -134686.58935159445, -8413.34039296205], [-3718.35126577262, 339450.67344712914, 24046.410100818437, 134686.58935159445, 0.0, -17528.17041869993], [-40235.8239436732, 24046.410100818437, 53636.17783862981, 8413.34039296205, 17528.17041869993, 0.0], [0.0, 134686.58935159445, 8413.34039296205, 63008.0, 0.0, 0.0], [-134686.58935159445, 0.0, 17528.17041869993, 0.0, 63008.0, 0.0], [-8413.34039296205, -17528.17041869993, 0.0, 0.0, 0.0, 63008.0]], "max_ratio": 0.9960321851436159, "n_full_correspondences": 63008}, {"source": "1.jpg", "target": "2.jpg", "transformation": [[0.9999835737521392, -0.0033100517671054348, -0.0046792930233649594, 0.004959122206887137], [0.0032685082230911222, 0.9999554243895394, -0.008858108597852197, 0.01041601560292847], [0.004708405239039418, 0.008842668784639875, 0.9999498178053089, -0.001831238973795638], [0.0, 0.0, 0.0, 1.0]], "transformation_sparse": [[0.999982689299189, 0.0005944595947409148, -0.005853863660144676, -0.006342986987410024], [-0.0006139426895987454, 0.9999942770195028, -0.0033270110632531713, 0.0007536812495267595], [0.00585185238494873, 0.0033305474071603225, 0.9999773313818835, 0.0009411846777531707], [0.0, 0.0, 0.0, 1.0]], "information": [[365461.7001897972, -4053.730752597691, -40782.71711781544, 0.0, -152816.11730498075, -11795.370841732702], [-4053.730752597691, 387438.2090166501, 32762.31385912351, 152816.11730498075, 0.0, -17905.227577008933], [-40782.71711781544, 32762.31385912351, 61080.453294570165, 11795.370841732702, 17905.227577008933, 0.0], [0.0, 152816.11730498075, 11795.370841732702, 70790.0, 0.0, 0.0], [-152816.11730498075, 0.0, 17905.227577008933, 0.0, 70790.0, 0.0], [-11795.370841732702, -17905.227577008933, 0.0, 0.0, 0.0, 70790.0]], "max_ratio": 0.9901945699458673, "n_full_correspondences": 70790}, {"source": "2.jpg", "target": "3.jpg", "transformation": [[0.9999949432475058, 0.0007125818990324517, -0.0030993074154418232, -0.0016334993721322452], [-0.0006977440091181801, 0.9999883039213615, 0.004785934994920686, -0.00046974914695218164], [0.0031026815363456874, -0.004783748270450196, 0.9999837444277626, -0.0007530760701744525], [0.0, 0.0, 0.0, 1.0]], "transformation_sparse": [[0.999989852985578, 0.0007416570496538433, -0.004443407555370482, 0.003502991519617818], [-0.0007420068117499068, 0.9999997217432588, -7.706682508262785e-05, 0.0025457330683635176], [0.004443349161808052, 8.036308175812801e-05, 0.9999901250462433, 0.005076331976142656], [0.0, 0.0, 0.0, 1.0]], "information": [[391724.7389451146, -5306.565553335901, -35528.36407953346, 0.0, -162576.98928576708, -12895.227309378586], [-5306.565553335901, 414910.4880251214, 36329.2366218495, 162576.98928576708, 0.0, -15854.123284549383], [-35528.36407953346, 36329.2366218495, 64689.03812315312, 12895.227309378586, 15854.123284549383, 0.0], [0.0, 162576.98928576708, 12895.227309378586, 74757.0, 0.0, 0.0], [-162576.98928576708, 0.0, 15854.123284549383, 0.0, 74757.0, 0.0], [-12895.227309378586, -15854.123284549383, 0.0, 0.0, 0.0, 74757.0]], "max_ratio": 0.9976379213708063, "n_full_correspondences": 74757}, {"source": "3.jpg", "target": "4.jpg", "transformation": [[0.9999985558211463, -0.0007734060513102613, -0.0015133402465765681, -0.001876489605497046], [0.0007746203754681854, 0.9999993783861476, 0.0008019916409049913, 0.003767411576911872], [0.0015127190406753787, -0.0008031627468757683, 0.9999985333042777, -0.0009320605392038351], [0.0, 0.0, 0.0, 1.0]], "transformation_sparse": [[0.9999998528683798, -0.00018835309575476744, -0.0005087104587462865, -0.002429264539615561], [0.00018806829255690882, 0.9999998256030168, -0.0005598430608516058, 0.0027609214800993973], [0.0005088158182026126, 0.0005597473061734748, 0.9999997138946677, 0.0022572873989117337], [0.0, 0.0, 0.0, 1.0]], "information": [[395676.6543178323, -5386.553685829711, -34507.20013502406, 0.0, -164033.63533210754, -12859.271414858129], [-5386.553685829711, 418911.2353007733, 36470.41251765907, 164033.63533210754, 0.0, -15359.388852977474], [-34507.20013502406, 36470.41251765907, 64713.76366651233, 12859.271414858129, 15359.388852977474, 0.0], [0.0, 164033.63533210754, 12859.271414858129, 75315.0, 0.0, 0.0], [-164033.63533210754, 0.0, 15359.388852977474, 0.0, 75315.0, 0.0], [-12859.271414858129, -15359.388852977474, 0.0, 0.0, 0.0, 75315.0]], "max_ratio": 0.9955322326940108, "n_full_correspondences": 75315}, {"source": "4.jpg", "target": "5.jpg", "transformation": [[0.9999984337741883, 0.0009519493310123974, -0.001492059529991462, -0.0020169948039238886], [-0.0009468359437754514, 0.9999936897252063, 0.00342403438402815, -0.00024947851138918444], [0.0014953096219271613, -0.0034226162856241522, 0.9999930248491214, -0.0007088404258186103], [0.0, 0.0, 0.0, 1.0]], "transformation_sparse": [[0.9999991531677241, -0.0010326819064915838, -0.0007919797434158271, -0.00041819035715555397], [0.0010307033911337582, 0.9999963574491667, -0.0024945418251828833, 0.005719796152681984], [0.0007945529267973095, 0.0024937234165168243, 0.9999965750087185, 0.0018010347744328303], [0.0, 0.0, 0.0, 1.0]], "information": [[402052.9427269044, -5812.763354849547, -32492.493542431337, 0.0, -166349.2852358818, -12934.272139114171], [-5812.763354849547, 425678.6806429984, 36950.35387245057, 166349.2852358818, 0.0, -14537.840581842414], [-32492.493542431337, 36950.35387245057, 65357.33605154741, 12934.272139114171, 14537.840581842414, 0.0], [0.0, 166349.2852358818, 12934.272139114171, 76198.0, 0.0, 0.0], [-166349.2852358818, 0.0, 14537.840581842414, 0.0, 76198.0, 0.0], [-12934.272139114171, -14537.840581842414, 0.0, 0.0, 0.0, 76198.0]], "max_ratio": 0.9962867079835779, "n_full_correspondences": 76198}, {"source": "5.jpg", "target": "6.jpg", "transformation": [[0.9999943849656332, -0.0030970988961879576, -0.0012798498471096793, 0.007168147781626947], [0.0030945422068545166, 0.9999932222219988, -0.001994822948292464, 0.006881204566143226], [0.0012860193365230375, 0.0019908511979227156, 0.9999971913289434, 0.0003864166435873563], [0.0, 0.0, 0.0, 1.0]], "transformation_sparse": [[0.999998899373109, -0.0008106122612023259, 0.0012426424800358604, -0.003225068829294464], [0.0008111789942141789, 0.9999995671927318, -0.00045563470953480234, 0.002778816106532564], [-0.0012422725991287353, 0.0004566422135280912, 0.9999991241179558, 0.0025922173702201956], [0.0, 0.0, 0.0, 1.0]], "information": [[407478.1058522944, -5896.828330237873, -32292.558949308008, 0.0, -168179.41035676003, -13193.678424100981], [-5896.828330237873, 431920.88153401046, 37718.64177161181, 168179.41035676003, 0.0, -14541.637983279796], [-32292.558949308008, 37718.64177161181, 66623.60400537949, 13193.678424100981, 14541.637983279796, 0.0], [0.0, 168179.41035676003, 13193.678424100981, 76840.0, 0.0, 0.0], [-168179.41035676003, 0.0, 14541.637983279796, 0.0, 76840.0, 0.0], [-13193.678424100981, -14541.637983279796, 0.0, 0.0, 0.0, 76840.0]], "max_ratio": 0.987039011419543, "n_full_correspondences": 76840}, {"source": "6.jpg", "target": "7.jpg", "transformation": [[0.9999966188141002, 0.0025994967255134087, -7.054886291959743e-05, -0.0017247760415624214], [-0.0025995272280078673, 0.9999965262761478, -0.0004357680911469741, 0.0023225368943274416], [6.941584012671819e-05, 0.000435950011423759, 0.9999999025645098, -8.239225628505112e-05], [0.0, 0.0, 0.0, 1.0]], "transformation_sparse": [[0.9999998845332128, -0.0004804920063338214, 7.809858076857079e-06, -0.0014156479902101976], [0.00048050368263535814, 0.9999986505503424, -0.001570991313008696, 0.0034334346725007417], [-7.054998769517873e-06, 0.0015709948842765886, 0.999998765961889, 0.001609132692089732], [0.0, 0.0, 0.0, 1.0]], "information": [[411689.8897642476, -6076.929460900145, -31138.433908790004, 0.0, -169875.43330812454, -13199.896244739357], [-6076.929460900145, 435896.35614533565, 37874.007778219, 169875.43330812454, 0.0, -14000.299779320518], [-31138.433908790004, 37874.007778219, 66748.01585264018, 13199.896244739357, 14000.299779320518, 0.0], [0.0, 169875.43330812454, 13199.896244739357, 77599.0, 0.0, 0.0], [-169875.43330812454, 0.0, 14000.299779320518, 0.0, 77599.0, 0.0], [-13199.896244739357, -14000.299779320518, 0.0, 0.0, 0.0, 77599.0]], "max_ratio": 0.9897579143389199, "n_full_correspondences": 77599}, {"source": "7.jpg", "target": "8.jpg", "transformation": [[0.9999967209637926, -0.002149586970128076, -0.001391882725440673, -0.0005752138118697823], [0.0021436370730607964, 0.9999886192332448, -0.004262185365322524, 0.009575605712765412], [0.0014010288228734984, 0.004259187698050846, 0.9999899481686756, -0.002115674814758422], [0.0, 0.0, 0.0, 1.0]], "transformation_sparse": [[0.9999991096874014, 0.0003882375408339467, -0.0012766738099491692, -0.0006663490711212999], [-0.00038989226837987667, 0.9999990840142748, -0.0012961306378873605, 0.0027933042250312193], [0.0012761694339626373, 0.0012966272491737318, 0.9999983450733068, 0.0014309427597534174], [0.0, 0.0, 0.0, 1.0]], "information": [[415078.7135931001, -6433.01212208738, -29695.0089921623, 0.0, -171219.92535060644, -13089.692934103363], [-6433.01212208738, 439144.9879303698, 37701.874322163094, 171219.92535060644, 0.0, -13363.543347177307], [-29695.0089921623, 37701.874322163094, 66843.82872884993, 13089.692934103363, 13363.543347177307, 0.0], [0.0, 171219.92535060644, 13089.692934103363, 78184.0, 0.0, 0.0], [-171219.92535060644, 0.0, 13363.543347177307, 0.0, 78184.0, 0.0], [-13089.692934103363, -13363.543347177307, 0.0, 0.0, 0.0, 78184.0]], "max_ratio": 0.9955306551219202, "n_full_correspondences": 78184}, {"source": "8.jpg", "target": "9.jpg", "transformation": [[0.9999999282635912, 0.00036909723438914804, 8.508845197412278e-05, -0.011243296264001106], [-0.0003696573827182312, 0.9999776209325382, 0.00667989427465892, -0.008835354665721086], [-8.2621017271238e-05, -0.006679925249041892, 0.9999776856372523, 0.0025610642252749415], [0.0, 0.0, 0.0, 1.0]], "transformation_sparse": [[0.9999996435752445, 0.000648577185707433, -0.0005405525128858724, -0.001175989227208532], [-0.0006489030327148648, 0.9999996077504706, -0.0006028463816912244, 0.0017494214499293517], [0.0005401613084446422, 0.0006031969329866604, 0.9999996721895572, 0.0008298982401810928], [0.0, 0.0, 0.0, 1.0]], "information": [[424818.4448268939, -6762.083076048948, -28737.108101474725, 0.0, -174752.3212465644, -12902.071184928265], [-6762.083076048948, 449130.91420348437, 37526.74261671357, 174752.3212465644, 0.0, -12875.935658474365], [-28737.108101474725, 37526.74261671357, 67147.34840116523, 12902.071184928265, 12875.935658474365, 0.0], [0.0, 174752.3212465644, 12902.071184928265, 79465.0, 0.0, 0.0], [-174752.3212465644, 0.0, 12875.935658474365, 0.0, 79465.0, 0.0], [-12902.071184928265, -12875.935658474365, 0.0, 0.0, 0.0, 79465.0]], "max_ratio": 0.9912061868529375, "n_full_correspondences": 79465}, {"source": "9.jpg", "target": "10.jpg", "transformation": [[0.999999862882582, -0.0003587459957753354, 0.0003814919788264853, 0.0043016338453979695], [0.00035918091482747903, 0.9999992850204228, -0.0011405909495949382, 0.0030172084794766424], [-0.00038108252363124777, 0.0011407278178377491, 0.9999992767578166, -0.000498761934225137], [0.0, 0.0, 0.0, 1.0]], "transformation_sparse": [[0.9999995569246208, 6.827304467676987e-05, 0.0009388766451733366, -0.0017643763647509358], [-6.717635145842005e-05, 0.9999993155464252, -0.0011680727799489588, 0.0019496227383068547], [-0.0009389557504406731, 0.0011680091920969193, 0.999998877057683, 0.001108224721714457], [0.0, 0.0, 0.0, 1.0]], "information": [[431351.4475684747, -6671.361069574058, -29633.901671235253, 0.0, -177106.20636171103, -13565.29959270741], [-6671.361069574058, 456219.97765850107, 39222.60429224108, 177106.20636171103, 0.0, -13355.67245213762], [-29633.901671235253, 39222.60429224108, 68737.20176041064, 13565.29959270741, 13355.67245213762, 0.0], [0.0, 177106.20636171103, 13565.29959270741, 80402.0, 0.0, 0.0], [-177106.20636171103, 0.0, 13355.67245213762, 0.0, 80402.0, 0.0], [-13565.29959270741, -13355.67245213762, 0.0, 0.0, 0.0, 80402.0]], "max_ratio": 0.9870604989196622, "n_full_correspondences": 80402}, {"source": "10.jpg", "target": "11.jpg", "transformation": [[0.9999979912954263, 0.0002192086382604296, -0.001992323439261599, -0.0032267536552763798], [-0.00021871031994990693, 0.9999999447494381, 0.0002503336124705366, 0.0013722215929053846], [0.0019923782044745284, -0.0002498973679270201, 0.9999979839881664, 0.0006917444463996037], [0.0, 0.0, 0.0, 1.0]], "transformation_sparse": [[0.9999979280973512, 0.001817057600273786, -0.000917661529746816, -0.0007831252270733696], [-0.0018168886823863029, 0.9999983323670971, 0.00018487439391751126, 0.0003263608119381499], [0.0009179959268464377, -0.00018320672202770671, 0.9999995618592923, 0.001907938841053447], [0.0, 0.0, 0.0, 1.0]], "information": [[439025.1330628981, -7269.310022872844, -27532.584697453847, 0.0, -179734.64531356096, -13893.531868343562], [-7269.310022872844, 463825.5757602313, 40181.50720322058, 179734.64531356096, 0.0, -12433.633397938796], [-27532.584697453847, 40181.50720322058, 69388.21482491888, 13893.531868343562, 12433.633397938796, 0.0], [0.0, 179734.64531356096, 13893.531868343562, 81322.0, 0.0, 0.0], [-179734.64531356096, 0.0, 12433.633397938796, 0.0, 81322.0, 0.0], [-13893.531868343562, -12433.633397938796, 0.0, 0.0, 0.0, 81322.0]], "max_ratio": 0.992881997436054, "n_full_correspondences": 81322}, {"source": "11.jpg", "target": "12.jpg", "transformation": [[0.9999557559509524, 0.00939861821778263, -0.0003900207134910102, 0.0027794176605956825], [-0.009395085051394138, 0.9999218936240027, 0.008242513467697136, -0.007326070574584621], [0.00046745848762406176, -0.00823848450775188, 0.9999659538482186, -0.0030164602494817875], [0.0, 0.0, 0.0, 1.0]], "transformation_sparse": [[0.9999999773120501, 5.717765635793182e-06, 0.00021293944400108122, -0.0019515949582783465], [-5.446919515872395e-06, 0.9999991910965041, -0.0012719184993080779, 0.002633607204020512], [-0.00021294654428577475, 0.0012719173105869008, 0.9999991684397165, 0.0005977038220503772], [0.0, 0.0, 0.0, 1.0]], "information": [[432867.598882208, -6860.125914636512, -28353.202304707534, 0.0, -177811.60627144575, -12573.745239663334], [-6860.125914636512, 458679.3494540482, 36972.55650871682, 177811.60627144575, 0.0, -12782.661408792292], [-28353.202304707534, 36972.55650871682, 68256.87299671672, 12573.745239663334, 12782.661408792292, 0.0], [0.0, 177811.60627144575, 12573.745239663334, 80631.0, 0.0, 0.0], [-177811.60627144575, 0.0, 12782.661408792292, 0.0, 80631.0, 0.0], [-12573.745239663334, -12782.661408792292, 0.0, 0.0, 0.0, 80631.0]], "max_ratio": 0.9767534827377347, "n_full_correspondences": 80631}, {"source": "12.jpg", "target": "13.jpg", "transformation": [[0.999989776928716, -0.0043738567412346194, -0.0011469155442246869, -0.0007254911661308144], [0.004370413144607675, 0.999985985587317, -0.0029879956338710514, 0.005645054718559934], [0.001159968535722867, 0.002982952592608365, 0.9999948782202974, -0.0003339172534687134], [0.0, 0.0, 0.0, 1.0]], "transformation_sparse": [[0.9999961981053972, 0.0011088572915692319, -0.0025247198376969204, 0.00079514935175308], [-0.0011096850717565165, 0.9999993310004893, -0.0003264929019667351, 0.0008242527593054425], [0.0025243561146255367, 0.0003292933045893065, 0.9999967595908137, 0.0013349112382279316], [0.0, 0.0, 0.0, 1.0]], "information": [[441546.89794695604, -7258.560341415338, -27369.19413876356, 0.0, -181028.1663044095, -13002.556000130648], [-7258.560341415338, 467225.7579093588, 38098.71912686291, 181028.1663044095, 0.0, -12338.56525184743], [-27369.19413876356, 38098.71912686291, 69552.41002286453, 13002.556000130648, 12338.56525184743, 0.0], [0.0, 181028.1663044095, 13002.556000130648, 81962.0, 0.0, 0.0], [-181028.1663044095, 0.0, 12338.56525184743, 0.0, 81962.0, 0.0], [-13002.556000130648, -12338.56525184743, 0.0, 0.0, 0.0, 81962.0]], "max_ratio": 0.9812165543331218, "n_full_correspondences": 81962}, {"source": "13.jpg", "target": "14.jpg", "transformation": [[0.9999941929565214, 0.0026034435465054563, -0.00219912140112735, -0.003150548023828785], [-0.0026068091045637334, 0.9999954334448748, -0.0015289328598912723, 0.00218237831723257], [0.00219513086833096, 0.001534656671002378, 0.9999964131082539, 0.003586944841751058], [0.0, 0.0, 0.0, 1.0]], "transformation_sparse": [[0.9999967499744093, 0.002331973301510859, -0.0010305052836032669, -0.0013250765132918063], [-0.002332571692251151, 0.9999971114333067, -0.0005798571755571413, 0.0012841122879110461], [0.001029150095467779, 0.0005822590184599297, 0.9999993009120143, 0.0013593663828841418], [0.0, 0.0, 0.0, 1.0]], "information": [[451918.1313207028, -7176.610984955105, -26692.499209292044, 0.0, -184754.89328581095, -14006.314779600005], [-7176.610984955105, 476501.3255056911, 40633.51231068533, 184754.89328581095, 0.0, -11882.518855141483], [-26692.499209292044, 40633.51231068533, 69852.7707954307, 14006.314779600005, 11882.518855141483, 0.0], [0.0, 184754.89328581095, 14006.314779600005, 83392.0, 0.0, 0.0], [-184754.89328581095, 0.0, 11882.518855141483, 0.0, 83392.0, 0.0], [-14006.314779600005, -11882.518855141483, 0.0, 0.0, 0.0, 83392.0]], "max_ratio": 0.9856744361968701, "n_full_correspondences": 83392}, {"source": "14.jpg", "target": "15.jpg", "transformation": [[0.9999806581238206, -0.00590572532635502, -0.0019508425408009266, 0.0033057317621652703], [0.005899619095536904, 0.9999777263287137, -0.0031211121389689935, 0.006699860957491426], [0.0019692315193802507, 0.0031095425428986478, 0.999993226413258, -0.0014428631592713868], [0.0, 0.0, 0.0, 1.0]], "transformation_sparse": [[0.9999993077423697, -0.001075319676989539, -0.0004777053206915238, -0.0002737385474266413], [0.0010743909750028646, 0.9999975408236722, -0.0019401109867584476, 0.0036050742870809387], [0.00047979038544881947, 0.001939596401416832, 0.9999980038815008, 0.0018821838402691693], [0.0, 0.0, 0.0, 1.0]], "information": [[456059.0252093688, -7519.184232140372, -27098.380362304088, 0.0, -186317.73429626226, -14012.912726779883], [-7519.184232140372, 481156.79777721956, 40676.946750782634, 186317.73429626226, 0.0, -12060.098752075743], [-27098.380362304088, 40676.946750782634, 70984.48847199952, 14012.912726779883, 12060.098752075743, 0.0], [0.0, 186317.73429626226, 14012.912726779883, 84039.0, 0.0, 0.0], [-186317.73429626226, 0.0, 12060.098752075743, 0.0, 84039.0, 0.0], [-14012.912726779883, -12060.098752075743, 0.0, 0.0, 0.0, 84039.0]], "max_ratio": 0.9865585086401202, "n_full_correspondences": 84039}, {"source": "15.jpg", "target": "16.jpg", "transformation": [[0.9999840016827353, 0.005588289699645287, -0.000876011881223833, 0.006754775615097094], [-0.005587849472258163, 0.9999842607463109, 0.0005041804526382771, 0.002389208418113292], [0.0008788155998806217, -0.0004992773640710229, 0.9999994892024973, -0.001393806196233818], [0.0, 0.0, 0.0, 1.0]], "transformation_sparse": [[0.999999933573006, -0.0002971794130743888, 0.00021104118133541405, -0.001553977743504742], [0.0002973787958189811, 0.9999995089343664, -0.0009453554239717277, 0.0023627240939772948], [-0.00021076013753051903, 0.0009454181203472078, 0.9999995308822612, 0.0020580671806955664], [0.0, 0.0, 0.0, 1.0]], "information": [[444382.4807814937, -7634.593201972685, -26330.94507152075, 0.0, -182152.84235697985, -12736.070922017649], [-7634.593201972685, 471318.7045949175, 37505.97862110746, 182152.84235697985, 0.0, -11875.5869757237], [-26330.94507152075, 37505.97862110746, 71013.32296246433, 12736.070922017649, 11875.5869757237, 0.0], [0.0, 182152.84235697985, 12736.070922017649, 82452.0, 0.0, 0.0], [-182152.84235697985, 0.0, 11875.5869757237, 0.0, 82452.0, 0.0], [-12736.070922017649, -11875.5869757237, 0.0, 0.0, 0.0, 82452.0]], "max_ratio": 0.9610910362513113, "n_full_correspondences": 82452}, {"source": "16.jpg", "target": "17.jpg", "transformation": [[0.9999687583861057, -0.005170962366960631, -0.005978578422114018, 0.0029699661526422175], [0.005164060789873259, 0.9999859825720864, -0.0011692456960743446, 0.004209957874165089], [0.005984540743314011, 0.0011383354245427418, 0.9999814445601245, 0.002555028168066449], [0.0, 0.0, 0.0, 1.0]], "transformation_sparse": [[0.9999998908823537, -0.00043222249142046976, 0.000177254050735709, -0.0014433225110965092], [0.00043239451445648003, 0.9999994345127667, -0.0009716013230779974, 0.0030871792505000085], [-0.00017683400255635862, 0.0009716778607381515, 0.9999995122858163, 0.0023110698258668183], [0.0, 0.0, 0.0, 1.0]], "information": [[457822.8657322633, -8003.851570201921, -25312.099317046654, 0.0, -187019.3324213624, -12948.086790325871], [-8003.851570201921, 484249.8080743141, 38240.027050096236, 187019.3324213624, 0.0, -11274.68612314591], [-25312.099317046654, 38240.027050096236, 71302.69761734619, 12948.086790325871, 11274.68612314591, 0.0], [0.0, 187019.3324213624, 12948.086790325871, 84275.0, 0.0, 0.0], [-187019.3324213624, 0.0, 11274.68612314591, 0.0, 84275.0, 0.0], [-12948.086790325871, -11274.68612314591, 0.0, 0.0, 0.0, 84275.0]], "max_ratio": 0.9729951278084374, "n_full_correspondences": 84275}, {"source": "17.jpg", "target": "18.jpg", "transformation": [[0.9999907197366247, 0.0035933288645270027, 0.00237664223182323, 0.004316130840894223], [-0.003590363168616031, 0.99999277219107, -0.00125094281875098, 0.0074958403507174535], [-0.002381120102845594, 0.0012423982009381433, 0.9999963933503793, -0.0014046239917474242], [0.0, 0.0, 0.0, 1.0]], "transformation_sparse": [[0.9999997348758499, -0.00043992284778793245, 0.0005802724511455581, -0.002302100084850392], [0.0004408429039347572, 0.9999986445189898, -0.001586385109751287, 0.00467996502168554], [-0.0005795737775419196, 0.0015866404981548232, 0.9999985733320655, 0.0026495117090272746], [0.0, 0.0, 0.0, 1.0]], "information": [[451278.7931775442, -7995.77477805611, -26074.28203388329, 0.0, -184751.4054455757, -11988.672667506251], [-7995.77477805611, 479478.54264915705, 35898.150198541996, 184751.4054455757, 0.0, -11784.851935465018], [-26074.28203388329, 35898.150198541996, 72182.58808090261, 11988.672667506251, 11784.851935465018, 0.0], [0.0, 184751.4054455757, 11988.672667506251, 83453.0, 0.0, 0.0], [-184751.4054455757, 0.0, 11784.851935465018, 0.0, 83453.0, 0.0], [-11988.672667506251, -11784.851935465018, 0.0, 0.0, 0.0, 83453.0]], "max_ratio": 0.9545558529499234, "n_full_correspondences": 83453}, {"source": "18.jpg", "target": "19.jpg", "transformation": [[0.999983140584242, -0.005789782315014396, -0.00044381079444164885, -0.00620849804536661], [0.00579003710609876, 0.9999830722910621, 0.0005749796862263852, 0.003139742130100731], [0.0004404742745225504, -0.0005775396733725682, 0.9999997362151344, 0.0026906176786065917], [0.0, 0.0, 0.0, 1.0]], "transformation_sparse": [[0.9999998145185665, -0.0003755003725369188, 0.0004795438493618298, -0.0023214309004516986], [0.0003766099646060894, 0.9999972474779568, -0.002315858684235561, 0.007174668377363885], [-0.0004786729236084808, 0.002316038855679048, 0.999997203414215, 0.0025439046641106966], [0.0, 0.0, 0.0, 1.0]], "information": [[471374.4191193328, -8920.495151306568, -23110.81120581122, 0.0, -191810.28439211845, -13292.942900339516], [-8920.495151306568, 498243.7735550689, 39561.238847630826, 191810.28439211845, 0.0, -10547.752916776553], [-23110.81120581122, 39561.238847630826, 74114.56597082199, 13292.942900339516, 10547.752916776553, 0.0], [0.0, 191810.28439211845, 13292.942900339516, 86156.0, 0.0, 0.0], [-191810.28439211845, 0.0, 10547.752916776553, 0.0, 86156.0, 0.0], [-13292.942900339516, -10547.752916776553, 0.0, 0.0, 0.0, 86156.0]], "max_ratio": 0.9787006849859708, "n_full_correspondences": 86156}, {"source": "19.jpg", "target": "20.jpg", "transformation": [[0.9999068515578052, 0.01277946689559418, -0.004793060986636883, 0.000804359394376315], [-0.012693168173712409, 0.9997641336023773, 0.017622730889400154, -0.017402674291419222], [0.005017139570619483, -0.017560250230300146, 0.9998332190532467, 0.003001162731932777], [0.0, 0.0, 0.0, 1.0]], "transformation_sparse": [[0.9999960903606693, 0.0008575690779616951, -0.002661548168438055, 0.003162251675387001], [-0.0008672841935595532, 0.9999929583648818, -0.0036511695083066287, 0.011031438447067738], [0.002658398296718323, 0.003653463552207803, 0.9999897925091881, 0.001434207879303262], [0.0, 0.0, 0.0, 1.0]], "information": [[468588.89392996446, -7898.440979240444, -24578.605776326654, 0.0, -191097.24933117628, -10725.63504409915], [-7898.440979240444, 496433.8959119258, 33344.53877338755, 191097.24933117628, 0.0, -10976.08685888436], [-24578.605776326654, 33344.53877338755, 71435.80449551047, 10725.63504409915, 10976.08685888436, 0.0], [0.0, 191097.24933117628, 10725.63504409915, 85747.0, 0.0, 0.0], [-191097.24933117628, 0.0, 10976.08685888436, 0.0, 85747.0, 0.0], [-10725.63504409915, -10976.08685888436, 0.0, 0.0, 0.0, 85747.0]], "max_ratio": 0.9633953148699511, "n_full_correspondences": 85747}, {"source": "20.jpg", "target": "21.jpg", "transformation": [[0.9999718146090215, -0.007485685732203119, 0.0005783568605253478, 0.0017220351364814707], [0.007489948163060761, 0.9999418600827295, -0.0077573920106408616, 0.020147241522482113], [-0.0005202538362123126, 0.007761505228419223, 0.9999697437285472, -0.00129281942409805], [0.0, 0.0, 0.0, 1.0]], "transformation_sparse": [[0.9999995064851884, 0.0009294072039090495, -0.0003510436280916851, -0.0006728084417190749], [-0.0009302360387318798, 0.9999967628505304, -0.0023683220585463127, 0.009857684885366508], [0.0003488413561284487, 0.0023686474431783844, 0.9999971339053924, 0.0013830658881373026], [0.0, 0.0, 0.0, 1.0]], "information": [[470072.1410676235, -7619.63476017697, -27087.44498689314, 0.0, -191904.19440215826, -11238.770387560746], [-7619.63476017697, 498192.1791078236, 34417.55440343668, 191904.19440215826, 0.0, -12064.14058312036], [-27087.44498689314, 34417.55440343668, 73729.84102902986, 11238.770387560746, 12064.14058312036, 0.0], [0.0, 191904.19440215826, 11238.770387560746, 86319.0, 0.0, 0.0], [-191904.19440215826, 0.0, 12064.14058312036, 0.0, 86319.0, 0.0], [-11238.770387560746, -12064.14058312036, 0.0, 0.0, 0.0, 86319.0]], "max_ratio": 0.9552260277762408, "n_full_correspondences": 86319}, {"source": "21.jpg", "target": "22.jpg", "transformation": [[0.9999935970712838, 0.0006645199732077205, -0.003516280654575433, 0.0013139837648863447], [-0.0006605902704018067, 0.9999991561577515, 0.0011186171284104241, 0.008002211565803533], [0.0035170210308135695, -0.0011162871451961243, 0.9999931922098667, -1.0828003949026844e-05], [0.0, 0.0, 0.0, 1.0]], "transformation_sparse": [[0.999997040383873, -0.00027630172399342734, -0.0024172051740171674, 0.0010617165017676455], [0.000272797510719458, 0.9999989116766672, -0.0014499058589369507, 0.009047526436962612], [0.002417603154804937, 0.0014492421602179673, 0.9999960274381834, 0.00215579717229053], [0.0, 0.0, 0.0, 1.0]], "information": [[459246.43496892264, -7109.557957227429, -27685.723461760663, 0.0, -188107.76521009207, -9563.351391188067], [-7109.557957227429, 486961.44395789894, 30156.1675528813, 188107.76521009207, 0.0, -12125.316942470976], [-27685.723461760663, 30156.1675528813, 71585.71811403513, 9563.351391188067, 12125.316942470976, 0.0], [0.0, 188107.76521009207, 9563.351391188067, 84838.0, 0.0, 0.0], [-188107.76521009207, 0.0, 12125.316942470976, 0.0, 84838.0, 0.0], [-9563.351391188067, -12125.316942470976, 0.0, 0.0, 0.0, 84838.0]], "max_ratio": 0.9387953833726167, "n_full_correspondences": 84838}, {"source": "22.jpg", "target": "23.jpg", "transformation": [[0.9999935740647482, 0.002082573832280478, -0.002917998533851947, -0.0013775750145816653], [-0.0020712758835738938, 0.9999903683404682, 0.0038695015840103956, -0.0011360788287979652], [0.0029260289514260653, -0.0038634327388522415, 0.9999882560520634, 0.0038300135542867503], [0.0, 0.0, 0.0, 1.0]], "transformation_sparse": [[0.9999906611098444, -0.0015944720868983908, -0.004016883351503908, 0.0013098802109389879], [0.0015868936343130247, 0.9999969564713556, -0.0018891311809475786, 0.007243344574338048], [0.004019883292940563, 0.0018827391719387632, 0.999990147867228, 0.003885975188592017], [0.0, 0.0, 0.0, 1.0]], "information": [[472190.1952757914, -7616.046868866774, -25599.270043413126, 0.0, -192464.3631324172, -10103.517987627676], [-7616.046868866774, 499830.30600769643, 31843.24837646599, 192464.3631324172, 0.0, -11267.08241929613], [-25599.270043413126, 31843.24837646599, 73064.89213451557, 10103.517987627676, 11267.08241929613, 0.0], [0.0, 192464.3631324172, 10103.517987627676, 86353.0, 0.0, 0.0], [-192464.3631324172, 0.0, 11267.08241929613, 0.0, 86353.0, 0.0], [-10103.517987627676, -11267.08241929613, 0.0, 0.0, 0.0, 86353.0]], "max_ratio": 0.9470192138971749, "n_full_correspondences": 86353}, {"source": "23.jpg", "target": "24.jpg", "transformation": [[0.9999424552911593, -0.006666905326643549, -0.0084046701098398, 0.011239840400968372], [0.006573406863536529, 0.999916747264494, -0.011103551783185001, 0.019151433358636637], [0.008477996726589698, 0.011047665516344967, 0.9999030316276389, -0.00015281293931033101], [0.0, 0.0, 0.0, 1.0]], "transformation_sparse": [[0.9999972995465687, -0.0012399060725576672, -0.001965587063010754, 0.0003902979763859421], [0.0012338493588332777, 0.9999944968241304, -0.003079600171256247, 0.00621225483937958], [0.0019693946609924406, 0.0030771666166021783, 0.9999933262428722, 0.0025487673410142797], [0.0, 0.0, 0.0, 1.0]], "information": [[447288.404272098, -5190.499308293921, -33887.741984287495, 0.0, -184208.81530028582, -7661.875264621073], [-5190.499308293921, 473157.9243978628, 24932.54597695658, 184208.81530028582, 0.0, -14113.060159254941], [-33887.741984287495, 24932.54597695658, 67854.88714207184, 7661.875264621073, 14113.060159254941, 0.0], [0.0, 184208.81530028582, 7661.875264621073, 83414.0, 0.0, 0.0], [-184208.81530028582, 0.0, 14113.060159254941, 0.0, 83414.0, 0.0], [-7661.875264621073, -14113.060159254941, 0.0, 0.0, 0.0, 83414.0]], "max_ratio": 0.9051391119406225, "n_full_correspondences": 83414}, {"source": "24.jpg", "target": "25.jpg", "transformation": [[0.9999981180397542, -0.001715862362169204, -0.0009053912438730152, 0.012021976788859755], [0.001718588754135237, 0.9999939655750473, 0.003019149910916662, 0.0028946531557705775], [0.0009002053346592495, -0.003020700224206221, 0.9999950324879174, -0.004880703518852049], [0.0, 0.0, 0.0, 1.0]], "transformation_sparse": [[0.9999997732394497, 0.00028422485090592864, 0.0006105221403854832, -0.0021021441720246448], [-0.0002832097748739215, 0.9999985786411496, -0.0016620793915433918, 0.003940122216265829], [-0.0006109936768820545, 0.0016619061088115616, 0.9999984323761779, 0.002941451968317743], [0.0, 0.0, 0.0, 1.0]], "information": [[458683.9998411458, -4591.086230199509, -38682.79848868855, 0.0, -188974.59623670578, -6911.767719392574], [-4591.086230199509, 484476.4161779618, 23209.27400516166, 188974.59623670578, 0.0, -16077.916038084742], [-38682.79848868855, 23209.27400516166, 67397.27330360492, 6911.767719392574, 16077.916038084742, 0.0], [0.0, 188974.59623670578, 6911.767719392574, 85436.0, 0.0, 0.0], [-188974.59623670578, 0.0, 16077.916038084742, 0.0, 85436.0, 0.0], [-6911.767719392574, -16077.916038084742, 0.0, 0.0, 0.0, 85436.0]], "max_ratio": 0.9168821970144128, "n_full_correspondences": 85436}, {"source": "25.jpg", "target": "26.jpg", "transformation": [[0.999988380389197, 0.004236468461734822, 0.002300309014585125, -0.00701028063401239], [-0.004236143386464182, 0.9999910168211369, -0.000146171949986632, 0.0026260087231796472], [-0.002300907603353999, 0.00013642581270660985, 0.9999973436025702, 0.003675767565568101], [0.0, 0.0, 0.0, 1.0]], "transformation_sparse": [[0.9999959408823922, 0.00047243889186454613, 0.0028098078639526847, -0.0027807913183193755], [-0.00047283457225183456, 0.9999998783915189, 0.0001401585331501365, 0.0021204463399022433], [-0.002809741305914215, -0.00014148653852952275, 0.9999960426598458, 0.00408386837047825], [0.0, 0.0, 0.0, 1.0]], "information": [[488642.1842369009, -6284.758379021195, -33039.480501940496, 0.0, -199492.0800985694, -9507.660766247274], [-6284.758379021195, 515860.1200324341, 30100.700981913975, 199492.0800985694, 0.0, -14028.322240697049], [-33039.480501940496, 30100.700981913975, 73104.62924601877, 9507.660766247274, 14028.322240697049, 0.0], [0.0, 199492.0800985694, 9507.660766247274, 89402.0, 0.0, 0.0], [-199492.0800985694, 0.0, 14028.322240697049, 0.0, 89402.0, 0.0], [-9507.660766247274, -14028.322240697049, 0.0, 0.0, 0.0, 89402.0]], "max_ratio": 0.9490758925253984, "n_full_correspondences": 89402}, {"source": "26.jpg", "target": "27.jpg", "transformation": [[0.9999860263305536, 0.0014597923758648736, 0.005080959540253536, -0.0002965012378461949], [-0.0015124582093426588, 0.9999450139653382, 0.010376970464655556, -0.013966294418974519], [-0.005065531936066747, -0.010384510199268674, 0.9999332489392116, 0.003126456510258346], [0.0, 0.0, 0.0, 1.0]], "transformation_sparse": [[0.9999913205998667, 0.0015779600399450644, 0.003856004025856674, -0.0015343817168038398], [-0.001590326451103824, 0.9999935958892363, 0.0032060945547641717, -0.003155494338527347], [-0.0038509202424875655, -0.0032121990329848082, 0.9999874260162771, 0.0024242846402793283], [0.0, 0.0, 0.0, 1.0]], "information": [[510198.94411594677, -8535.754071149673, -28792.14615506393, 0.0, -206714.64225625992, -10179.937319618], [-8535.754071149673, 541428.9060663584, 32532.05730797315, 206714.64225625992, 0.0, -12816.092666883067], [-28792.14615506393, 32532.05730797315, 78789.97324975446, 10179.937319618, 12816.092666883067, 0.0], [0.0, 206714.64225625992, 10179.937319618, 91893.0, 0.0, 0.0], [-206714.64225625992, 0.0, 12816.092666883067, 0.0, 91893.0, 0.0], [-10179.937319618, -12816.092666883067, 0.0, 0.0, 0.0, 91893.0]], "max_ratio": 0.9681915879973028, "n_full_correspondences": 91893}, {"source": "27.jpg", "target": "28.jpg", "transformation": [[0.9999592086594444, 0.005735801884798554, 0.006977219640798515, -0.008117100964607197], [-0.005721809046475845, 0.9999815823683263, -0.0020238145600691418, -0.0038409719289361007], [-0.006988699336304667, 0.001983809687500085, 0.9999736109421644, 0.005201042374545538], [0.0, 0.0, 0.0, 1.0]], "transformation_sparse": [[0.999976661335032, 0.005898599490802181, 0.0034472176157265833, 0.007034994133503558], [-0.005908012398986556, 0.9999788297317602, 0.0027268072525364895, -0.008129084172471608], [-0.0034310602933331213, -0.0027471098169114527, 0.9999903405598063, 0.0018946557882859594], [0.0, 0.0, 0.0, 1.0]], "information": [[512382.4338015255, -8286.670006412178, -29434.256737730095, 0.0, -207247.50612545013, -11042.914419042121], [-8286.670006412178, 543902.2202425847, 34662.23470759796, 207247.50612545013, 0.0, -13264.433725219576], [-29434.256737730095, 34662.23470759796, 79895.0083966528, 11042.914419042121, 13264.433725219576, 0.0], [0.0, 207247.50612545013, 11042.914419042121, 92027.0, 0.0, 0.0], [-207247.50612545013, 0.0, 13264.433725219576, 0.0, 92027.0, 0.0], [-11042.914419042121, -13264.433725219576, 0.0, 0.0, 0.0, 92027.0]], "max_ratio": 0.9658889343703098, "n_full_correspondences": 92027}, {"source": "28.jpg", "target": "29.jpg", "transformation": [[0.9999603318107774, -0.007900495565241502, 0.004113025006564233, 0.004763990222319821], [0.007939418765533942, 0.9999230247366799, -0.009534685685246085, 0.0029570795941886037], [-0.004037379663409474, 0.009566962489450583, 0.9999460849436742, -0.0012737833018759332], [0.0, 0.0, 0.0, 1.0]], "transformation_sparse": [[0.9999734534751139, 0.0014516364713650087, 0.007140384906347608, -0.0003354306579591432], [-0.0014466752379371228, 0.9999987086141898, -0.0006999290753962328, -0.009440670179044881], [-0.007141391727929491, 0.0006895806766784585, 0.9999742621701222, 0.0012403973874084429], [0.0, 0.0, 0.0, 1.0]], "information": [[503451.21053403174, -9043.538397184755, -28136.145999542106, 0.0, -203669.88229477406, -12312.726574918997], [-9043.538397184755, 534840.764980387, 37563.734290062086, 203669.88229477406, 0.0, -12988.595072620485], [-28136.145999542106, 37563.734290062086, 81720.67464166254, 12312.726574918997, 12988.595072620485, 0.0], [0.0, 203669.88229477406, 12312.726574918997, 90775.0, 0.0, 0.0], [-203669.88229477406, 0.0, 12988.595072620485, 0.0, 90775.0, 0.0], [-12312.726574918997, -12988.595072620485, 0.0, 0.0, 0.0, 90775.0]], "max_ratio": 0.9502250601905161, "n_full_correspondences": 90775}, {"source": "29.jpg", "target": "30.jpg", "transformation": [[0.9999685869692956, 0.0035373366783977016, 0.007093118062900645, -0.0035488810267786538], [-0.0035480704925866763, 0.9999925786804412, 0.0015012594112458152, -0.01527201228024679], [-0.007087754962625761, -0.0015263791350367656, 0.9999737166027547, -0.0005774180624443789], [0.0, 0.0, 0.0, 1.0]], "transformation_sparse": [[0.9999712706666224, 0.0029275247489186085, 0.0069919553935048895, 0.001621819443965597], [-0.0028764872333888747, 0.9999692291311689, -0.00729839790715614, -0.0046751161486899145], [-0.007013106485463383, 0.007278075958624175, 0.9999489216693844, 0.00227651575261989], [0.0, 0.0, 0.0, 1.0]], "information": [[520437.0785347411, -8824.353196097278, -30492.643450943495, 0.0, -209848.45036065578, -14533.748783130879], [-8824.353196097278, 552284.6717762107, 43167.41379822047, 209848.45036065578, 0.0, -14157.426774958883], [-30492.643450943495, 43167.41379822047, 83651.22125771367, 14533.748783130879, 14157.426774958883, 0.0], [0.0, 209848.45036065578, 14533.748783130879, 93148.0, 0.0, 0.0], [-209848.45036065578, 0.0, 14157.426774958883, 0.0, 93148.0, 0.0], [-14533.748783130879, -14157.426774958883, 0.0, 0.0, 0.0, 93148.0]], "max_ratio": 0.9770290964777948, "n_full_correspondences": 93148}, {"source": "30.jpg", "target": "31.jpg", "transformation": [[0.9999940915139275, -0.0030641641751903833, 0.0015581511933185491, 0.010822569439013451], [0.0030800568123841685, 0.9999421926828389, -0.010301676692089272, 0.003174233634240614], [-0.0015264950921143549, 0.010306415018973739, 0.9999457223380624, -0.0023878706429205547], [0.0, 0.0, 0.0, 1.0]], "transformation_sparse": [[0.9999759781126456, -0.0003657277427811523, 0.006921664602895838, 0.0038997328951640986], [0.0004386235606403943, 0.9999444306555642, -0.010532958287740202, -0.00048154145302826273], [-0.0069174277754723845, 0.010535741271376409, 0.9999205705198952, 0.002339991260901897], [0.0, 0.0, 0.0, 1.0]], "information": [[512196.5567927815, -8476.056602444114, -33243.86667583292, 0.0, -206643.13642722368, -16101.076848166333], [-8476.056602444114, 542686.1182731761, 46570.196412132886, 206643.13642722368, 0.0, -15338.281486124391], [-33243.86667583292, 46570.196412132886, 83790.2969155394, 16101.076848166333, 15338.281486124391, 0.0], [0.0, 206643.13642722368, 16101.076848166333, 91979.0, 0.0, 0.0], [-206643.13642722368, 0.0, 15338.281486124391, 0.0, 91979.0, 0.0], [-16101.076848166333, -15338.281486124391, 0.0, 0.0, 0.0, 91979.0]], "max_ratio": 0.9705087893304071, "n_full_correspondences": 91979}, {"source": "31.jpg", "target": "32.jpg", "transformation": [[0.9999565641890763, -0.0024495665557059615, 0.008992739230442755, 0.00308538205826302], [0.0024586347828815217, 0.9999964800704445, -0.0009974776818904825, -0.011802016274387567], [-0.00899026418866447, 0.0010195442171036652, 0.9999590670019485, -0.